drm name is rknpu - 20231018 - RKNPU driver
du is rknpu
gem open got 0 1 4096
memmap returned 0 100000000
mmap returned 0x7f995e7260
Gem 1
[00000000] = 00b11040 02010000 00001104 02010000
[00000010] = 00001100 02010000 0000100c 02012000
[00000020] = 000e4004 10010000 0000100c 02012000
[00000030] = 00501010 02010000 00091014 02010000
[00000040] = 00041020 02010001 00401024 0201003f
[00000050] = 00011028 02010000 0004102c 02010000
[00000060] = 08001030 02010000 00401034 02010000
[00000070] = 00201038 02010101 00b11040 02010000
[00000080] = 00011044 02010000 000b104c 02010000
[00000090] = 00001050 02010001 00001054 02010001
[000000a0] = 00001058 02010001 0000105c 02010001
[000000b0] = 00001060 02010000 00001064 02010000
[000000c0] = 00001068 02010000 00001070 02010000
[000000d0] = 00001074 02010000 000f1078 0201000f
[000000e0] = 0004107c 02010000 00001080 02010000
[000000f0] = 00041084 02010001 00401088 02010000
[00000100] = 00001100 02010000 00001104 02010000
[00000110] = 00001110 02010000 00001140 02010000
[00000120] = 00001144 02010000 00001148 02010000
[00000130] = 0000114c 02010000 00001150 02010000
[00000140] = 00001154 02010000 00001158 02010000
[00000150] = 0000115c 02010000 00001160 02010000
[00000160] = 00001164 02010000 00001168 02010000
[00000170] = 0000116c 02010000 00001170 02010000
[00000180] = 00001174 02010000 00001178 02010000
[00000190] = 0000117c 02010000 00001180 02010000
[000001a0] = 00001184 02010000 00013010 08010000
[000001b0] = 00003014 08010003 001f3018 08010000
[000001c0] = 0000301c 08010000 00003030 08010000
[000001d0] = 01e4400c 10010000 00004010 10018000
[000001e0] = 00004014 10010000 00004020 10010000
[000001f0] = 00104024 10010000 00004030 10010000
[00000200] = 00034034 10010000 00074038 10010007
[00000210] = 001f403c 1001001f 00534040 10010000
[00000220] = 00004044 10010000 00004048 10010000
[00000230] = 0000404c 10010000 07fc4050 10010000
[00000240] = 00004054 10010000 001f4058 10010000
[00000250] = 0000405c 10010003 00534060 10010000
[00000260] = 00004064 10010000 00004068 10010000
[00000270] = 0000406c 10010000 03834070 10010000
[00000280] = 00004074 10010000 00014078 10010000
[00000290] = 0000407c 10010000 00004080 10010000
[000002a0] = 00014084 10010000 00004088 10010000
[000002b0] = 00004090 10010000 00004094 10010000
[000002c0] = 00004098 10010000 0000409c 10010000
[000002d0] = 000040a0 10010000 000040a4 10010000
[000002e0] = 000040a8 10010000 000040ac 10010000
[000002f0] = 008040c0 10010000 000040c4 10010000
[00000300] = 00004100 10010000 00004104 10010000
[00000310] = 00004108 10010000 0000410c 10010000
[00000320] = 00004110 10010000 00004114 10010000
[00000330] = 00004118 10010000 0000411c 10010000
[00000340] = 00004120 10010000 00004124 10010000
[00000350] = 00004128 10010000 0000412c 10010000
[00000360] = 00000000 00000000 00000014 01010000
[00000370] = 00000000 00410000 000d0008 00810000
[00000380] = 00000000 00000000 00000000 00000000
[00000390] = 00000000 00000000 00000000 00000000
[000003a0] = 00000000 00000000 00000000 00000000
[000003b0] = 00000000 00000000 00000000 00000000
[000003c0] = 00000000 00000000 00000000 00000000
[000003d0] = 00000000 00000000 00000000 00000000
[000003e0] = 00000000 00000000 00000000 00000000
[000003f0] = 00000000 00000000 00000000 00000000
[00000400] = 00000000 00000000 00000000 00000000
[00000410] = 00000000 00000000 00000000 00000000
[00000420] = 00000000 00000000 00000000 00000000
[00000430] = 00000000 00000000 00000000 00000000
[00000440] = 00000000 00000000 00000000 00000000
[00000450] = 00000000 00000000 00000000 00000000
[00000460] = 00000000 00000000 00000000 00000000
[00000470] = 00000000 00000000 00000000 00000000
[00000480] = 00000000 00000000 00000000 00000000
[00000490] = 00000000 00000000 00000000 00000000
[000004a0] = 00000000 00000000 00000000 00000000
[000004b0] = 00000000 00000000 00000000 00000000
[000004c0] = 00000000 00000000 00000000 00000000
[000004d0] = 00000000 00000000 00000000 00000000
[000004e0] = 00000000 00000000 00000000 00000000
[000004f0] = 00000000 00000000 00000000 00000000
[00000500] = 00000000 00000000 00000000 00000000
[00000510] = 00000000 00000000 00000000 00000000
[00000520] = 00000000 00000000 00000000 00000000
[00000530] = 00000000 00000000 00000000 00000000
[00000540] = 00000000 00000000 00000000 00000000
[00000550] = 00000000 00000000 00000000 00000000
[00000560] = 00000000 00000000 00000000 00000000
[00000570] = 00000000 00000000 00000000 00000000
[00000580] = 00000000 00000000 00000000 00000000
[00000590] = 00000000 00000000 00000000 00000000
[000005a0] = 00000000 00000000 00000000 00000000
[000005b0] = 00000000 00000000 00000000 00000000
[000005c0] = 00000000 00000000 00000000 00000000
[000005d0] = 00000000 00000000 00000000 00000000
[000005e0] = 00000000 00000000 00000000 00000000
[000005f0] = 00000000 00000000 00000000 00000000
[00000600] = 00000000 00000000 00000000 00000000
[00000610] = 00000000 00000000 00000000 00000000
[00000620] = 00000000 00000000 00000000 00000000
[00000630] = 00000000 00000000 00000000 00000000
[00000640] = 00000000 00000000 00000000 00000000
[00000650] = 00000000 00000000 00000000 00000000
[00000660] = 00000000 00000000 00000000 00000000
[00000670] = 00000000 00000000 00000000 00000000
[00000680] = 00000000 00000000 00000000 00000000
[00000690] = 00000000 00000000 00000000 00000000
[000006a0] = 00000000 00000000 00000000 00000000
[000006b0] = 00000000 00000000 00000000 00000000
[000006c0] = 00000000 00000000 00000000 00000000
[000006d0] = 00000000 00000000 00000000 00000000
[000006e0] = 00000000 00000000 00000000 00000000
[000006f0] = 00000000 00000000 00000000 00000000
[00000700] = 00000000 00000000 00000000 00000000
[00000710] = 00000000 00000000 00000000 00000000
[00000720] = 00000000 00000000 00000000 00000000
[00000730] = 00000000 00000000 00000000 00000000
[00000740] = 00000000 00000000 00000000 00000000
[00000750] = 00000000 00000000 00000000 00000000
[00000760] = 00000000 00000000 00000000 00000000
[00000770] = 00000000 00000000 00000000 00000000
[00000780] = 00000000 00000000 00000000 00000000
[00000790] = 00000000 00000000 00000000 00000000
[000007a0] = 00000000 00000000 00000000 00000000
[000007b0] = 00000000 00000000 00000000 00000000
[000007c0] = 00000000 00000000 00000000 00000000
[000007d0] = 00000000 00000000 00000000 00000000
[000007e0] = 00000000 00000000 00000000 00000000
[000007f0] = 00000000 00000000 00000000 00000000
[00000800] = 00000000 00000000 00000000 00000000
[00000810] = 00000000 00000000 00000000 00000000
[00000820] = 00000000 00000000 00000000 00000000
[00000830] = 00000000 00000000 00000000 00000000
[00000840] = 00000000 00000000 00000000 00000000
[00000850] = 00000000 00000000 00000000 00000000
[00000860] = 00000000 00000000 00000000 00000000
[00000870] = 00000000 00000000 00000000 00000000
[00000880] = 00000000 00000000 00000000 00000000
[00000890] = 00000000 00000000 00000000 00000000
[000008a0] = 00000000 00000000 00000000 00000000
[000008b0] = 00000000 00000000 00000000 00000000
[000008c0] = 00000000 00000000 00000000 00000000
[000008d0] = 00000000 00000000 00000000 00000000
[000008e0] = 00000000 00000000 00000000 00000000
[000008f0] = 00000000 00000000 00000000 00000000
[00000900] = 00000000 00000000 00000000 00000000
[00000910] = 00000000 00000000 00000000 00000000
[00000920] = 00000000 00000000 00000000 00000000
[00000930] = 00000000 00000000 00000000 00000000
[00000940] = 00000000 00000000 00000000 00000000
[00000950] = 00000000 00000000 00000000 00000000
[00000960] = 00000000 00000000 00000000 00000000
[00000970] = 00000000 00000000 00000000 00000000
[00000980] = 00000000 00000000 00000000 00000000
[00000990] = 00000000 00000000 00000000 00000000
[000009a0] = 00000000 00000000 00000000 00000000
[000009b0] = 00000000 00000000 00000000 00000000
[000009c0] = 00000000 00000000 00000000 00000000
[000009d0] = 00000000 00000000 00000000 00000000
[000009e0] = 00000000 00000000 00000000 00000000
[000009f0] = 00000000 00000000 00000000 00000000
[00000a00] = 00000000 00000000 00000000 00000000
[00000a10] = 00000000 00000000 00000000 00000000
[00000a20] = 00000000 00000000 00000000 00000000
[00000a30] = 00000000 00000000 00000000 00000000
[00000a40] = 00000000 00000000 00000000 00000000
[00000a50] = 00000000 00000000 00000000 00000000
[00000a60] = 00000000 00000000 00000000 00000000
[00000a70] = 00000000 00000000 00000000 00000000
[00000a80] = 00000000 00000000 00000000 00000000
[00000a90] = 00000000 00000000 00000000 00000000
[00000aa0] = 00000000 00000000 00000000 00000000
[00000ab0] = 00000000 00000000 00000000 00000000
[00000ac0] = 00000000 00000000 00000000 00000000
[00000ad0] = 00000000 00000000 00000000 00000000
[00000ae0] = 00000000 00000000 00000000 00000000
[00000af0] = 00000000 00000000 00000000 00000000
[00000b00] = 00000000 00000000 00000000 00000000
[00000b10] = 00000000 00000000 00000000 00000000
[00000b20] = 00000000 00000000 00000000 00000000
[00000b30] = 00000000 00000000 00000000 00000000
[00000b40] = 00000000 00000000 00000000 00000000
[00000b50] = 00000000 00000000 00000000 00000000
[00000b60] = 00000000 00000000 00000000 00000000
[00000b70] = 00000000 00000000 00000000 00000000
[00000b80] = 00000000 00000000 00000000 00000000
[00000b90] = 00000000 00000000 00000000 00000000
[00000ba0] = 00000000 00000000 00000000 00000000
[00000bb0] = 00000000 00000000 00000000 00000000
[00000bc0] = 00000000 00000000 00000000 00000000
[00000bd0] = 00000000 00000000 00000000 00000000
[00000be0] = 00000000 00000000 00000000 00000000
[00000bf0] = 00000000 00000000 00000000 00000000
[00000c00] = 00000000 00000000 00000000 00000000
[00000c10] = 00000000 00000000 00000000 00000000
[00000c20] = 00000000 00000000 00000000 00000000
[00000c30] = 00000000 00000000 00000000 00000000
[00000c40] = 00000000 00000000 00000000 00000000
[00000c50] = 00000000 00000000 00000000 00000000
[00000c60] = 00000000 00000000 00000000 00000000
[00000c70] = 00000000 00000000 00000000 00000000
[00000c80] = 00000000 00000000 00000000 00000000
[00000c90] = 00000000 00000000 00000000 00000000
[00000ca0] = 00000000 00000000 00000000 00000000
[00000cb0] = 00000000 00000000 00000000 00000000
[00000cc0] = 00000000 00000000 00000000 00000000
[00000cd0] = 00000000 00000000 00000000 00000000
[00000ce0] = 00000000 00000000 00000000 00000000
[00000cf0] = 00000000 00000000 00000000 00000000
[00000d00] = 00000000 00000000 00000000 00000000
[00000d10] = 00000000 00000000 00000000 00000000
[00000d20] = 00000000 00000000 00000000 00000000
[00000d30] = 00000000 00000000 00000000 00000000
[00000d40] = 00000000 00000000 00000000 00000000
[00000d50] = 00000000 00000000 00000000 00000000
[00000d60] = 00000000 00000000 00000000 00000000
[00000d70] = 00000000 00000000 00000000 00000000
[00000d80] = 00000000 00000000 00000000 00000000
[00000d90] = 00000000 00000000 00000000 00000000
[00000da0] = 00000000 00000000 00000000 00000000
[00000db0] = 00000000 00000000 00000000 00000000
[00000dc0] = 00000000 00000000 00000000 00000000
[00000dd0] = 00000000 00000000 00000000 00000000
[00000de0] = 00000000 00000000 00000000 00000000
[00000df0] = 00000000 00000000 00000000 00000000
[00000e00] = 00000000 00000000 00000000 00000000
[00000e10] = 00000000 00000000 00000000 00000000
[00000e20] = 00000000 00000000 00000000 00000000
[00000e30] = 00000000 00000000 00000000 00000000
[00000e40] = 00000000 00000000 00000000 00000000
[00000e50] = 00000000 00000000 00000000 00000000
[00000e60] = 00000000 00000000 00000000 00000000
[00000e70] = 00000000 00000000 00000000 00000000
[00000e80] = 00000000 00000000 00000000 00000000
[00000e90] = 00000000 00000000 00000000 00000000
[00000ea0] = 00000000 00000000 00000000 00000000
[00000eb0] = 00000000 00000000 00000000 00000000
[00000ec0] = 00000000 00000000 00000000 00000000
[00000ed0] = 00000000 00000000 00000000 00000000
[00000ee0] = 00000000 00000000 00000000 00000000
[00000ef0] = 00000000 00000000 00000000 00000000
[00000f00] = 00000000 00000000 00000000 00000000
[00000f10] = 00000000 00000000 00000000 00000000
[00000f20] = 00000000 00000000 00000000 00000000
[00000f30] = 00000000 00000000 00000000 00000000
[00000f40] = 00000000 00000000 00000000 00000000
[00000f50] = 00000000 00000000 00000000 00000000
[00000f60] = 00000000 00000000 00000000 00000000
[00000f70] = 00000000 00000000 00000000 00000000
[00000f80] = 00000000 00000000 00000000 00000000
[00000f90] = 00000000 00000000 00000000 00000000
[00000fa0] = 00000000 00000000 00000000 00000000
[00000fb0] = 00000000 00000000 00000000 00000000
[00000fc0] = 00000000 00000000 00000000 00000000
[00000fd0] = 00000000 00000000 00000000 00000000
[00000fe0] = 00000000 00000000 00000000 00000000
[00000ff0] = 00000000 00000000 00000000 00000000
gem open got 0 2 4096
memmap returned 0 100007000
mmap returned 0x7f995e7260
Gem 2
[00000000] = 00000000 00000000 0000000d 00000300
[00000010] = 0001ffff 00000000 0000006c 00000000
[00000020] = f4a8b000 00000000 00000000 00000000
[00000030] = 00000000 00000000 00000000 00000000
[00000040] = 00000000 00000000 00000000 00000000
[00000050] = 00000000 00000000 00000000 00000000
[00000060] = 00000000 00000000 00000000 00000000
[00000070] = 00000000 00000000 00000000 00000000
[00000080] = 00000000 00000000 00000000 00000000
[00000090] = 00000000 00000000 00000000 00000000
[000000a0] = 00000000 00000000 00000000 00000000
[000000b0] = 00000000 00000000 00000000 00000000
[000000c0] = 00000000 00000000 00000000 00000000
[000000d0] = 00000000 00000000 00000000 00000000
[000000e0] = 00000000 00000000 00000000 00000000
[000000f0] = 00000000 00000000 00000000 00000000
[00000100] = 00000000 00000000 00000000 00000000
[00000110] = 00000000 00000000 00000000 00000000
[00000120] = 00000000 00000000 00000000 00000000
[00000130] = 00000000 00000000 00000000 00000000
[00000140] = 00000000 00000000 00000000 00000000
[00000150] = 00000000 00000000 00000000 00000000
[00000160] = 00000000 00000000 00000000 00000000
[00000170] = 00000000 00000000 00000000 00000000
[00000180] = 00000000 00000000 00000000 00000000
[00000190] = 00000000 00000000 00000000 00000000
[000001a0] = 00000000 00000000 00000000 00000000
[000001b0] = 00000000 00000000 00000000 00000000
[000001c0] = 00000000 00000000 00000000 00000000
[000001d0] = 00000000 00000000 00000000 00000000
[000001e0] = 00000000 00000000 00000000 00000000
[000001f0] = 00000000 00000000 00000000 00000000
[00000200] = 00000000 00000000 00000000 00000000
[00000210] = 00000000 00000000 00000000 00000000
[00000220] = 00000000 00000000 00000000 00000000
[00000230] = 00000000 00000000 00000000 00000000
[00000240] = 00000000 00000000 00000000 00000000
[00000250] = 00000000 00000000 00000000 00000000
[00000260] = 00000000 00000000 00000000 00000000
[00000270] = 00000000 00000000 00000000 00000000
[00000280] = 00000000 00000000 00000000 00000000
[00000290] = 00000000 00000000 00000000 00000000
[000002a0] = 00000000 00000000 00000000 00000000
[000002b0] = 00000000 00000000 00000000 00000000
[000002c0] = 00000000 00000000 00000000 00000000
[000002d0] = 00000000 00000000 00000000 00000000
[000002e0] = 00000000 00000000 00000000 00000000
[000002f0] = 00000000 00000000 00000000 00000000
[00000300] = 00000000 00000000 00000000 00000000
[00000310] = 00000000 00000000 00000000 00000000
[00000320] = 00000000 00000000 00000000 00000000
[00000330] = 00000000 00000000 00000000 00000000
[00000340] = 00000000 00000000 00000000 00000000
[00000350] = 00000000 00000000 00000000 00000000
[00000360] = 00000000 00000000 00000000 00000000
[00000370] = 00000000 00000000 00000000 00000000
[00000380] = 00000000 00000000 00000000 00000000
[00000390] = 00000000 00000000 00000000 00000000
[000003a0] = 00000000 00000000 00000000 00000000
[000003b0] = 00000000 00000000 00000000 00000000
[000003c0] = 00000000 00000000 00000000 00000000
[000003d0] = 00000000 00000000 00000000 00000000
[000003e0] = 00000000 00000000 00000000 00000000
[000003f0] = 00000000 00000000 00000000 00000000
[00000400] = 00000000 00000000 00000000 00000000
[00000410] = 00000000 00000000 00000000 00000000
[00000420] = 00000000 00000000 00000000 00000000
[00000430] = 00000000 00000000 00000000 00000000
[00000440] = 00000000 00000000 00000000 00000000
[00000450] = 00000000 00000000 00000000 00000000
[00000460] = 00000000 00000000 00000000 00000000
[00000470] = 00000000 00000000 00000000 00000000
[00000480] = 00000000 00000000 00000000 00000000
[00000490] = 00000000 00000000 00000000 00000000
[000004a0] = 00000000 00000000 00000000 00000000
[000004b0] = 00000000 00000000 00000000 00000000
[000004c0] = 00000000 00000000 00000000 00000000
[000004d0] = 00000000 00000000 00000000 00000000
[000004e0] = 00000000 00000000 00000000 00000000
[000004f0] = 00000000 00000000 00000000 00000000
[00000500] = 00000000 00000000 00000000 00000000
[00000510] = 00000000 00000000 00000000 00000000
[00000520] = 00000000 00000000 00000000 00000000
[00000530] = 00000000 00000000 00000000 00000000
[00000540] = 00000000 00000000 00000000 00000000
[00000550] = 00000000 00000000 00000000 00000000
[00000560] = 00000000 00000000 00000000 00000000
[00000570] = 00000000 00000000 00000000 00000000
[00000580] = 00000000 00000000 00000000 00000000
[00000590] = 00000000 00000000 00000000 00000000
[000005a0] = 00000000 00000000 00000000 00000000
[000005b0] = 00000000 00000000 00000000 00000000
[000005c0] = 00000000 00000000 00000000 00000000
[000005d0] = 00000000 00000000 00000000 00000000
[000005e0] = 00000000 00000000 00000000 00000000
[000005f0] = 00000000 00000000 00000000 00000000
[00000600] = 00000000 00000000 00000000 00000000
[00000610] = 00000000 00000000 00000000 00000000
[00000620] = 00000000 00000000 00000000 00000000
[00000630] = 00000000 00000000 00000000 00000000
[00000640] = 00000000 00000000 00000000 00000000
[00000650] = 00000000 00000000 00000000 00000000
[00000660] = 00000000 00000000 00000000 00000000
[00000670] = 00000000 00000000 00000000 00000000
[00000680] = 00000000 00000000 00000000 00000000
[00000690] = 00000000 00000000 00000000 00000000
[000006a0] = 00000000 00000000 00000000 00000000
[000006b0] = 00000000 00000000 00000000 00000000
[000006c0] = 00000000 00000000 00000000 00000000
[000006d0] = 00000000 00000000 00000000 00000000
[000006e0] = 00000000 00000000 00000000 00000000
[000006f0] = 00000000 00000000 00000000 00000000
[00000700] = 00000000 00000000 00000000 00000000
[00000710] = 00000000 00000000 00000000 00000000
[00000720] = 00000000 00000000 00000000 00000000
[00000730] = 00000000 00000000 00000000 00000000
[00000740] = 00000000 00000000 00000000 00000000
[00000750] = 00000000 00000000 00000000 00000000
[00000760] = 00000000 00000000 00000000 00000000
[00000770] = 00000000 00000000 00000000 00000000
[00000780] = 00000000 00000000 00000000 00000000
[00000790] = 00000000 00000000 00000000 00000000
[000007a0] = 00000000 00000000 00000000 00000000
[000007b0] = 00000000 00000000 00000000 00000000
[000007c0] = 00000000 00000000 00000000 00000000
[000007d0] = 00000000 00000000 00000000 00000000
[000007e0] = 00000000 00000000 00000000 00000000
[000007f0] = 00000000 00000000 00000000 00000000
[00000800] = 00000000 00000000 00000000 00000000
[00000810] = 00000000 00000000 00000000 00000000
[00000820] = 00000000 00000000 00000000 00000000
[00000830] = 00000000 00000000 00000000 00000000
[00000840] = 00000000 00000000 00000000 00000000
[00000850] = 00000000 00000000 00000000 00000000
[00000860] = 00000000 00000000 00000000 00000000
[00000870] = 00000000 00000000 00000000 00000000
[00000880] = 00000000 00000000 00000000 00000000
[00000890] = 00000000 00000000 00000000 00000000
[000008a0] = 00000000 00000000 00000000 00000000
[000008b0] = 00000000 00000000 00000000 00000000
[000008c0] = 00000000 00000000 00000000 00000000
[000008d0] = 00000000 00000000 00000000 00000000
[000008e0] = 00000000 00000000 00000000 00000000
[000008f0] = 00000000 00000000 00000000 00000000
[00000900] = 00000000 00000000 00000000 00000000
[00000910] = 00000000 00000000 00000000 00000000
[00000920] = 00000000 00000000 00000000 00000000
[00000930] = 00000000 00000000 00000000 00000000
[00000940] = 00000000 00000000 00000000 00000000
[00000950] = 00000000 00000000 00000000 00000000
[00000960] = 00000000 00000000 00000000 00000000
[00000970] = 00000000 00000000 00000000 00000000
[00000980] = 00000000 00000000 00000000 00000000
[00000990] = 00000000 00000000 00000000 00000000
[000009a0] = 00000000 00000000 00000000 00000000
[000009b0] = 00000000 00000000 00000000 00000000
[000009c0] = 00000000 00000000 00000000 00000000
[000009d0] = 00000000 00000000 00000000 00000000
[000009e0] = 00000000 00000000 00000000 00000000
[000009f0] = 00000000 00000000 00000000 00000000
[00000a00] = 00000000 00000000 00000000 00000000
[00000a10] = 00000000 00000000 00000000 00000000
[00000a20] = 00000000 00000000 00000000 00000000
[00000a30] = 00000000 00000000 00000000 00000000
[00000a40] = 00000000 00000000 00000000 00000000
[00000a50] = 00000000 00000000 00000000 00000000
[00000a60] = 00000000 00000000 00000000 00000000
[00000a70] = 00000000 00000000 00000000 00000000
[00000a80] = 00000000 00000000 00000000 00000000
[00000a90] = 00000000 00000000 00000000 00000000
[00000aa0] = 00000000 00000000 00000000 00000000
[00000ab0] = 00000000 00000000 00000000 00000000
[00000ac0] = 00000000 00000000 00000000 00000000
[00000ad0] = 00000000 00000000 00000000 00000000
[00000ae0] = 00000000 00000000 00000000 00000000
[00000af0] = 00000000 00000000 00000000 00000000
[00000b00] = 00000000 00000000 00000000 00000000
[00000b10] = 00000000 00000000 00000000 00000000
[00000b20] = 00000000 00000000 00000000 00000000
[00000b30] = 00000000 00000000 00000000 00000000
[00000b40] = 00000000 00000000 00000000 00000000
[00000b50] = 00000000 00000000 00000000 00000000
[00000b60] = 00000000 00000000 00000000 00000000
[00000b70] = 00000000 00000000 00000000 00000000
[00000b80] = 00000000 00000000 00000000 00000000
[00000b90] = 00000000 00000000 00000000 00000000
[00000ba0] = 00000000 00000000 00000000 00000000
[00000bb0] = 00000000 00000000 00000000 00000000
[00000bc0] = 00000000 00000000 00000000 00000000
[00000bd0] = 00000000 00000000 00000000 00000000
[00000be0] = 00000000 00000000 00000000 00000000
[00000bf0] = 00000000 00000000 00000000 00000000
[00000c00] = 00000000 00000000 00000000 00000000
[00000c10] = 00000000 00000000 00000000 00000000
[00000c20] = 00000000 00000000 00000000 00000000
[00000c30] = 00000000 00000000 00000000 00000000
[00000c40] = 00000000 00000000 00000000 00000000
[00000c50] = 00000000 00000000 00000000 00000000
[00000c60] = 00000000 00000000 00000000 00000000
[00000c70] = 00000000 00000000 00000000 00000000
[00000c80] = 00000000 00000000 00000000 00000000
[00000c90] = 00000000 00000000 00000000 00000000
[00000ca0] = 00000000 00000000 00000000 00000000
[00000cb0] = 00000000 00000000 00000000 00000000
[00000cc0] = 00000000 00000000 00000000 00000000
[00000cd0] = 00000000 00000000 00000000 00000000
[00000ce0] = 00000000 00000000 00000000 00000000
[00000cf0] = 00000000 00000000 00000000 00000000
[00000d00] = 00000000 00000000 00000000 00000000
[00000d10] = 00000000 00000000 00000000 00000000
[00000d20] = 00000000 00000000 00000000 00000000
[00000d30] = 00000000 00000000 00000000 00000000
[00000d40] = 00000000 00000000 00000000 00000000
[00000d50] = 00000000 00000000 00000000 00000000
[00000d60] = 00000000 00000000 00000000 00000000
[00000d70] = 00000000 00000000 00000000 00000000
[00000d80] = 00000000 00000000 00000000 00000000
[00000d90] = 00000000 00000000 00000000 00000000
[00000da0] = 00000000 00000000 00000000 00000000
[00000db0] = 00000000 00000000 00000000 00000000
[00000dc0] = 00000000 00000000 00000000 00000000
[00000dd0] = 00000000 00000000 00000000 00000000
[00000de0] = 00000000 00000000 00000000 00000000
[00000df0] = 00000000 00000000 00000000 00000000
[00000e00] = 00000000 00000000 00000000 00000000
[00000e10] = 00000000 00000000 00000000 00000000
[00000e20] = 00000000 00000000 00000000 00000000
[00000e30] = 00000000 00000000 00000000 00000000
[00000e40] = 00000000 00000000 00000000 00000000
[00000e50] = 00000000 00000000 00000000 00000000
[00000e60] = 00000000 00000000 00000000 00000000
[00000e70] = 00000000 00000000 00000000 00000000
[00000e80] = 00000000 00000000 00000000 00000000
[00000e90] = 00000000 00000000 00000000 00000000
[00000ea0] = 00000000 00000000 00000000 00000000
[00000eb0] = 00000000 00000000 00000000 00000000
[00000ec0] = 00000000 00000000 00000000 00000000
[00000ed0] = 00000000 00000000 00000000 00000000
[00000ee0] = 00000000 00000000 00000000 00000000
[00000ef0] = 00000000 00000000 00000000 00000000
[00000f00] = 00000000 00000000 00000000 00000000
[00000f10] = 00000000 00000000 00000000 00000000
[00000f20] = 00000000 00000000 00000000 00000000
[00000f30] = 00000000 00000000 00000000 00000000
[00000f40] = 00000000 00000000 00000000 00000000
[00000f50] = 00000000 00000000 00000000 00000000
[00000f60] = 00000000 00000000 00000000 00000000
[00000f70] = 00000000 00000000 00000000 00000000
[00000f80] = 00000000 00000000 00000000 00000000
[00000f90] = 00000000 00000000 00000000 00000000
[00000fa0] = 00000000 00000000 00000000 00000000
[00000fb0] = 00000000 00000000 00000000 00000000
[00000fc0] = 00000000 00000000 00000000 00000000
[00000fd0] = 00000000 00000000 00000000 00000000
[00000fe0] = 00000000 00000000 00000000 00000000
[00000ff0] = 00000000 00000000 00000000 00000000
gem open got 0 3 4096
memmap returned 0 100001000
mmap returned 0x7f995e7260
Gem 3
[00000000] = 00b11040 02010000 00001104 02010000
[00000010] = 00001100 02010000 0000100c 02012000
[00000020] = 000e4004 10010000 0000100c 02012000
[00000030] = 00501010 02010000 00091014 02010000
[00000040] = 00041020 02010001 00401024 0201003f
[00000050] = 00011028 02010000 0004102c 02010000
[00000060] = 08001030 02010000 00401034 02010000
[00000070] = 00201038 02010101 00b11040 02010000
[00000080] = 00011044 02010000 000b104c 02010000
[00000090] = 00001050 02010001 00001054 02010001
[000000a0] = 00001058 02010001 0000105c 02010001
[000000b0] = 00001060 02010000 00001064 02010000
[000000c0] = 00001068 02010000 00001070 02010000
[000000d0] = 00001074 02010000 000f1078 0201000f
[000000e0] = 0004107c 02010000 00001080 02010000
[000000f0] = 00041084 02010001 00401088 02010000
[00000100] = 00001100 02010000 00001104 02010000
[00000110] = 00001110 02010000 00001140 02010000
[00000120] = 00001144 02010000 00001148 02010000
[00000130] = 0000114c 02010000 00001150 02010000
[00000140] = 00001154 02010000 00001158 02010000
[00000150] = 0000115c 02010000 00001160 02010000
[00000160] = 00001164 02010000 00001168 02010000
[00000170] = 0000116c 02010000 00001170 02010000
[00000180] = 00001174 02010000 00001178 02010000
[00000190] = 0000117c 02010000 00001180 02010000
[000001a0] = 00001184 02010000 00013010 08010000
[000001b0] = 00003014 08010003 001f3018 08010000
[000001c0] = 0000301c 08010000 00003030 08010000
[000001d0] = 01e4400c 10010000 00004010 10018000
[000001e0] = 00004014 10010000 00004020 10010000
[000001f0] = 00104024 10010000 00004030 10010000
[00000200] = 00034034 10010000 00074038 10010007
[00000210] = 001f403c 1001001f 00534040 10010000
[00000220] = 00004044 10010000 00004048 10010000
[00000230] = 0000404c 10010000 07fc4050 10010000
[00000240] = 00004054 10010000 001f4058 10010000
[00000250] = 0000405c 10010003 00534060 10010000
[00000260] = 00004064 10010000 00004068 10010000
[00000270] = 0000406c 10010000 03834070 10010000
[00000280] = 00004074 10010000 00014078 10010000
[00000290] = 0000407c 10010000 00004080 10010000
[000002a0] = 00014084 10010000 00004088 10010000
[000002b0] = 00004090 10010000 00004094 10010000
[000002c0] = 00004098 10010000 0000409c 10010000
[000002d0] = 000040a0 10010000 000040a4 10010000
[000002e0] = 000040a8 10010000 000040ac 10010000
[000002f0] = 008040c0 10010000 000040c4 10010000
[00000300] = 00004100 10010000 00004104 10010000
[00000310] = 00004108 10010000 0000410c 10010000
[00000320] = 00004110 10010000 00004114 10010000
[00000330] = 00004118 10010000 0000411c 10010000
[00000340] = 00004120 10010000 00004124 10010000
[00000350] = 00004128 10010000 0000412c 10010000
[00000360] = 00000000 00000000 00000014 01010000
[00000370] = 00000000 00410000 000d0008 00810000
[00000380] = 00000000 00000000 00000000 00000000
[00000390] = 00000000 00000000 00000000 00000000
[000003a0] = 00000000 00000000 00000000 00000000
[000003b0] = 00000000 00000000 00000000 00000000
[000003c0] = 00000000 00000000 00000000 00000000
[000003d0] = 00000000 00000000 00000000 00000000
[000003e0] = 00000000 00000000 00000000 00000000
[000003f0] = 00000000 00000000 00000000 00000000
[00000400] = 00000000 00000000 00000000 00000000
[00000410] = 00000000 00000000 00000000 00000000
[00000420] = 00000000 00000000 00000000 00000000
[00000430] = 00000000 00000000 00000000 00000000
[00000440] = 00000000 00000000 00000000 00000000
[00000450] = 00000000 00000000 00000000 00000000
[00000460] = 00000000 00000000 00000000 00000000
[00000470] = 00000000 00000000 00000000 00000000
[00000480] = 00000000 00000000 00000000 00000000
[00000490] = 00000000 00000000 00000000 00000000
[000004a0] = 00000000 00000000 00000000 00000000
[000004b0] = 00000000 00000000 00000000 00000000
[000004c0] = 00000000 00000000 00000000 00000000
[000004d0] = 00000000 00000000 00000000 00000000
[000004e0] = 00000000 00000000 00000000 00000000
[000004f0] = 00000000 00000000 00000000 00000000
[00000500] = 00000000 00000000 00000000 00000000
[00000510] = 00000000 00000000 00000000 00000000
[00000520] = 00000000 00000000 00000000 00000000
[00000530] = 00000000 00000000 00000000 00000000
[00000540] = 00000000 00000000 00000000 00000000
[00000550] = 00000000 00000000 00000000 00000000
[00000560] = 00000000 00000000 00000000 00000000
[00000570] = 00000000 00000000 00000000 00000000
[00000580] = 00000000 00000000 00000000 00000000
[00000590] = 00000000 00000000 00000000 00000000
[000005a0] = 00000000 00000000 00000000 00000000
[000005b0] = 00000000 00000000 00000000 00000000
[000005c0] = 00000000 00000000 00000000 00000000
[000005d0] = 00000000 00000000 00000000 00000000
[000005e0] = 00000000 00000000 00000000 00000000
[000005f0] = 00000000 00000000 00000000 00000000
[00000600] = 00000000 00000000 00000000 00000000
[00000610] = 00000000 00000000 00000000 00000000
[00000620] = 00000000 00000000 00000000 00000000
[00000630] = 00000000 00000000 00000000 00000000
[00000640] = 00000000 00000000 00000000 00000000
[00000650] = 00000000 00000000 00000000 00000000
[00000660] = 00000000 00000000 00000000 00000000
[00000670] = 00000000 00000000 00000000 00000000
[00000680] = 00000000 00000000 00000000 00000000
[00000690] = 00000000 00000000 00000000 00000000
[000006a0] = 00000000 00000000 00000000 00000000
[000006b0] = 00000000 00000000 00000000 00000000
[000006c0] = 00000000 00000000 00000000 00000000
[000006d0] = 00000000 00000000 00000000 00000000
[000006e0] = 00000000 00000000 00000000 00000000
[000006f0] = 00000000 00000000 00000000 00000000
[00000700] = 00000000 00000000 00000000 00000000
[00000710] = 00000000 00000000 00000000 00000000
[00000720] = 00000000 00000000 00000000 00000000
[00000730] = 00000000 00000000 00000000 00000000
[00000740] = 00000000 00000000 00000000 00000000
[00000750] = 00000000 00000000 00000000 00000000
[00000760] = 00000000 00000000 00000000 00000000
[00000770] = 00000000 00000000 00000000 00000000
[00000780] = 00000000 00000000 00000000 00000000
[00000790] = 00000000 00000000 00000000 00000000
[000007a0] = 00000000 00000000 00000000 00000000
[000007b0] = 00000000 00000000 00000000 00000000
[000007c0] = 00000000 00000000 00000000 00000000
[000007d0] = 00000000 00000000 00000000 00000000
[000007e0] = 00000000 00000000 00000000 00000000
[000007f0] = 00000000 00000000 00000000 00000000
[00000800] = 00000000 00000000 00000000 00000000
[00000810] = 00000000 00000000 00000000 00000000
[00000820] = 00000000 00000000 00000000 00000000
[00000830] = 00000000 00000000 00000000 00000000
[00000840] = 00000000 00000000 00000000 00000000
[00000850] = 00000000 00000000 00000000 00000000
[00000860] = 00000000 00000000 00000000 00000000
[00000870] = 00000000 00000000 00000000 00000000
[00000880] = 00000000 00000000 00000000 00000000
[00000890] = 00000000 00000000 00000000 00000000
[000008a0] = 00000000 00000000 00000000 00000000
[000008b0] = 00000000 00000000 00000000 00000000
[000008c0] = 00000000 00000000 00000000 00000000
[000008d0] = 00000000 00000000 00000000 00000000
[000008e0] = 00000000 00000000 00000000 00000000
[000008f0] = 00000000 00000000 00000000 00000000
[00000900] = 00000000 00000000 00000000 00000000
[00000910] = 00000000 00000000 00000000 00000000
[00000920] = 00000000 00000000 00000000 00000000
[00000930] = 00000000 00000000 00000000 00000000
[00000940] = 00000000 00000000 00000000 00000000
[00000950] = 00000000 00000000 00000000 00000000
[00000960] = 00000000 00000000 00000000 00000000
[00000970] = 00000000 00000000 00000000 00000000
[00000980] = 00000000 00000000 00000000 00000000
[00000990] = 00000000 00000000 00000000 00000000
[000009a0] = 00000000 00000000 00000000 00000000
[000009b0] = 00000000 00000000 00000000 00000000
[000009c0] = 00000000 00000000 00000000 00000000
[000009d0] = 00000000 00000000 00000000 00000000
[000009e0] = 00000000 00000000 00000000 00000000
[000009f0] = 00000000 00000000 00000000 00000000
[00000a00] = 00000000 00000000 00000000 00000000
[00000a10] = 00000000 00000000 00000000 00000000
[00000a20] = 00000000 00000000 00000000 00000000
[00000a30] = 00000000 00000000 00000000 00000000
[00000a40] = 00000000 00000000 00000000 00000000
[00000a50] = 00000000 00000000 00000000 00000000
[00000a60] = 00000000 00000000 00000000 00000000
[00000a70] = 00000000 00000000 00000000 00000000
[00000a80] = 00000000 00000000 00000000 00000000
[00000a90] = 00000000 00000000 00000000 00000000
[00000aa0] = 00000000 00000000 00000000 00000000
[00000ab0] = 00000000 00000000 00000000 00000000
[00000ac0] = 00000000 00000000 00000000 00000000
[00000ad0] = 00000000 00000000 00000000 00000000
[00000ae0] = 00000000 00000000 00000000 00000000
[00000af0] = 00000000 00000000 00000000 00000000
[00000b00] = 00000000 00000000 00000000 00000000
[00000b10] = 00000000 00000000 00000000 00000000
[00000b20] = 00000000 00000000 00000000 00000000
[00000b30] = 00000000 00000000 00000000 00000000
[00000b40] = 00000000 00000000 00000000 00000000
[00000b50] = 00000000 00000000 00000000 00000000
[00000b60] = 00000000 00000000 00000000 00000000
[00000b70] = 00000000 00000000 00000000 00000000
[00000b80] = 00000000 00000000 00000000 00000000
[00000b90] = 00000000 00000000 00000000 00000000
[00000ba0] = 00000000 00000000 00000000 00000000
[00000bb0] = 00000000 00000000 00000000 00000000
[00000bc0] = 00000000 00000000 00000000 00000000
[00000bd0] = 00000000 00000000 00000000 00000000
[00000be0] = 00000000 00000000 00000000 00000000
[00000bf0] = 00000000 00000000 00000000 00000000
[00000c00] = 00000000 00000000 00000000 00000000
[00000c10] = 00000000 00000000 00000000 00000000
[00000c20] = 00000000 00000000 00000000 00000000
[00000c30] = 00000000 00000000 00000000 00000000
[00000c40] = 00000000 00000000 00000000 00000000
[00000c50] = 00000000 00000000 00000000 00000000
[00000c60] = 00000000 00000000 00000000 00000000
[00000c70] = 00000000 00000000 00000000 00000000
[00000c80] = 00000000 00000000 00000000 00000000
[00000c90] = 00000000 00000000 00000000 00000000
[00000ca0] = 00000000 00000000 00000000 00000000
[00000cb0] = 00000000 00000000 00000000 00000000
[00000cc0] = 00000000 00000000 00000000 00000000
[00000cd0] = 00000000 00000000 00000000 00000000
[00000ce0] = 00000000 00000000 00000000 00000000
[00000cf0] = 00000000 00000000 00000000 00000000
[00000d00] = 00000000 00000000 00000000 00000000
[00000d10] = 00000000 00000000 00000000 00000000
[00000d20] = 00000000 00000000 00000000 00000000
[00000d30] = 00000000 00000000 00000000 00000000
[00000d40] = 00000000 00000000 00000000 00000000
[00000d50] = 00000000 00000000 00000000 00000000
[00000d60] = 00000000 00000000 00000000 00000000
[00000d70] = 00000000 00000000 00000000 00000000
[00000d80] = 00000000 00000000 00000000 00000000
[00000d90] = 00000000 00000000 00000000 00000000
[00000da0] = 00000000 00000000 00000000 00000000
[00000db0] = 00000000 00000000 00000000 00000000
[00000dc0] = 00000000 00000000 00000000 00000000
[00000dd0] = 00000000 00000000 00000000 00000000
[00000de0] = 00000000 00000000 00000000 00000000
[00000df0] = 00000000 00000000 00000000 00000000
[00000e00] = 00000000 00000000 00000000 00000000
[00000e10] = 00000000 00000000 00000000 00000000
[00000e20] = 00000000 00000000 00000000 00000000
[00000e30] = 00000000 00000000 00000000 00000000
[00000e40] = 00000000 00000000 00000000 00000000
[00000e50] = 00000000 00000000 00000000 00000000
[00000e60] = 00000000 00000000 00000000 00000000
[00000e70] = 00000000 00000000 00000000 00000000
[00000e80] = 00000000 00000000 00000000 00000000
[00000e90] = 00000000 00000000 00000000 00000000
[00000ea0] = 00000000 00000000 00000000 00000000
[00000eb0] = 00000000 00000000 00000000 00000000
[00000ec0] = 00000000 00000000 00000000 00000000
[00000ed0] = 00000000 00000000 00000000 00000000
[00000ee0] = 00000000 00000000 00000000 00000000
[00000ef0] = 00000000 00000000 00000000 00000000
[00000f00] = 00000000 00000000 00000000 00000000
[00000f10] = 00000000 00000000 00000000 00000000
[00000f20] = 00000000 00000000 00000000 00000000
[00000f30] = 00000000 00000000 00000000 00000000
[00000f40] = 00000000 00000000 00000000 00000000
[00000f50] = 00000000 00000000 00000000 00000000
[00000f60] = 00000000 00000000 00000000 00000000
[00000f70] = 00000000 00000000 00000000 00000000
[00000f80] = 00000000 00000000 00000000 00000000
[00000f90] = 00000000 00000000 00000000 00000000
[00000fa0] = 00000000 00000000 00000000 00000000
[00000fb0] = 00000000 00000000 00000000 00000000
[00000fc0] = 00000000 00000000 00000000 00000000
[00000fd0] = 00000000 00000000 00000000 00000000
[00000fe0] = 00000000 00000000 00000000 00000000
[00000ff0] = 00000000 00000000 00000000 00000000
gem open got 0 4 4096
memmap returned 0 100009000
mmap returned 0x7f995e7260
Gem 4
[00000000] = 00000000 00000000 0000000d 00000300
[00000010] = 0001ffff 00000000 0000006c 00000000
[00000020] = f4b26000 00000000 00000000 00000000
[00000030] = 00000000 00000000 00000000 00000000
[00000040] = 00000000 00000000 00000000 00000000
[00000050] = 00000000 00000000 00000000 00000000
[00000060] = 00000000 00000000 00000000 00000000
[00000070] = 00000000 00000000 00000000 00000000
[00000080] = 00000000 00000000 00000000 00000000
[00000090] = 00000000 00000000 00000000 00000000
[000000a0] = 00000000 00000000 00000000 00000000
[000000b0] = 00000000 00000000 00000000 00000000
[000000c0] = 00000000 00000000 00000000 00000000
[000000d0] = 00000000 00000000 00000000 00000000
[000000e0] = 00000000 00000000 00000000 00000000
[000000f0] = 00000000 00000000 00000000 00000000
[00000100] = 00000000 00000000 00000000 00000000
[00000110] = 00000000 00000000 00000000 00000000
[00000120] = 00000000 00000000 00000000 00000000
[00000130] = 00000000 00000000 00000000 00000000
[00000140] = 00000000 00000000 00000000 00000000
[00000150] = 00000000 00000000 00000000 00000000
[00000160] = 00000000 00000000 00000000 00000000
[00000170] = 00000000 00000000 00000000 00000000
[00000180] = 00000000 00000000 00000000 00000000
[00000190] = 00000000 00000000 00000000 00000000
[000001a0] = 00000000 00000000 00000000 00000000
[000001b0] = 00000000 00000000 00000000 00000000
[000001c0] = 00000000 00000000 00000000 00000000
[000001d0] = 00000000 00000000 00000000 00000000
[000001e0] = 00000000 00000000 00000000 00000000
[000001f0] = 00000000 00000000 00000000 00000000
[00000200] = 00000000 00000000 00000000 00000000
[00000210] = 00000000 00000000 00000000 00000000
[00000220] = 00000000 00000000 00000000 00000000
[00000230] = 00000000 00000000 00000000 00000000
[00000240] = 00000000 00000000 00000000 00000000
[00000250] = 00000000 00000000 00000000 00000000
[00000260] = 00000000 00000000 00000000 00000000
[00000270] = 00000000 00000000 00000000 00000000
[00000280] = 00000000 00000000 00000000 00000000
[00000290] = 00000000 00000000 00000000 00000000
[000002a0] = 00000000 00000000 00000000 00000000
[000002b0] = 00000000 00000000 00000000 00000000
[000002c0] = 00000000 00000000 00000000 00000000
[000002d0] = 00000000 00000000 00000000 00000000
[000002e0] = 00000000 00000000 00000000 00000000
[000002f0] = 00000000 00000000 00000000 00000000
[00000300] = 00000000 00000000 00000000 00000000
[00000310] = 00000000 00000000 00000000 00000000
[00000320] = 00000000 00000000 00000000 00000000
[00000330] = 00000000 00000000 00000000 00000000
[00000340] = 00000000 00000000 00000000 00000000
[00000350] = 00000000 00000000 00000000 00000000
[00000360] = 00000000 00000000 00000000 00000000
[00000370] = 00000000 00000000 00000000 00000000
[00000380] = 00000000 00000000 00000000 00000000
[00000390] = 00000000 00000000 00000000 00000000
[000003a0] = 00000000 00000000 00000000 00000000
[000003b0] = 00000000 00000000 00000000 00000000
[000003c0] = 00000000 00000000 00000000 00000000
[000003d0] = 00000000 00000000 00000000 00000000
[000003e0] = 00000000 00000000 00000000 00000000
[000003f0] = 00000000 00000000 00000000 00000000
[00000400] = 00000000 00000000 00000000 00000000
[00000410] = 00000000 00000000 00000000 00000000
[00000420] = 00000000 00000000 00000000 00000000
[00000430] = 00000000 00000000 00000000 00000000
[00000440] = 00000000 00000000 00000000 00000000
[00000450] = 00000000 00000000 00000000 00000000
[00000460] = 00000000 00000000 00000000 00000000
[00000470] = 00000000 00000000 00000000 00000000
[00000480] = 00000000 00000000 00000000 00000000
[00000490] = 00000000 00000000 00000000 00000000
[000004a0] = 00000000 00000000 00000000 00000000
[000004b0] = 00000000 00000000 00000000 00000000
[000004c0] = 00000000 00000000 00000000 00000000
[000004d0] = 00000000 00000000 00000000 00000000
[000004e0] = 00000000 00000000 00000000 00000000
[000004f0] = 00000000 00000000 00000000 00000000
[00000500] = 00000000 00000000 00000000 00000000
[00000510] = 00000000 00000000 00000000 00000000
[00000520] = 00000000 00000000 00000000 00000000
[00000530] = 00000000 00000000 00000000 00000000
[00000540] = 00000000 00000000 00000000 00000000
[00000550] = 00000000 00000000 00000000 00000000
[00000560] = 00000000 00000000 00000000 00000000
[00000570] = 00000000 00000000 00000000 00000000
[00000580] = 00000000 00000000 00000000 00000000
[00000590] = 00000000 00000000 00000000 00000000
[000005a0] = 00000000 00000000 00000000 00000000
[000005b0] = 00000000 00000000 00000000 00000000
[000005c0] = 00000000 00000000 00000000 00000000
[000005d0] = 00000000 00000000 00000000 00000000
[000005e0] = 00000000 00000000 00000000 00000000
[000005f0] = 00000000 00000000 00000000 00000000
[00000600] = 00000000 00000000 00000000 00000000
[00000610] = 00000000 00000000 00000000 00000000
[00000620] = 00000000 00000000 00000000 00000000
[00000630] = 00000000 00000000 00000000 00000000
[00000640] = 00000000 00000000 00000000 00000000
[00000650] = 00000000 00000000 00000000 00000000
[00000660] = 00000000 00000000 00000000 00000000
[00000670] = 00000000 00000000 00000000 00000000
[00000680] = 00000000 00000000 00000000 00000000
[00000690] = 00000000 00000000 00000000 00000000
[000006a0] = 00000000 00000000 00000000 00000000
[000006b0] = 00000000 00000000 00000000 00000000
[000006c0] = 00000000 00000000 00000000 00000000
[000006d0] = 00000000 00000000 00000000 00000000
[000006e0] = 00000000 00000000 00000000 00000000
[000006f0] = 00000000 00000000 00000000 00000000
[00000700] = 00000000 00000000 00000000 00000000
[00000710] = 00000000 00000000 00000000 00000000
[00000720] = 00000000 00000000 00000000 00000000
[00000730] = 00000000 00000000 00000000 00000000
[00000740] = 00000000 00000000 00000000 00000000
[00000750] = 00000000 00000000 00000000 00000000
[00000760] = 00000000 00000000 00000000 00000000
[00000770] = 00000000 00000000 00000000 00000000
[00000780] = 00000000 00000000 00000000 00000000
[00000790] = 00000000 00000000 00000000 00000000
[000007a0] = 00000000 00000000 00000000 00000000
[000007b0] = 00000000 00000000 00000000 00000000
[000007c0] = 00000000 00000000 00000000 00000000
[000007d0] = 00000000 00000000 00000000 00000000
[000007e0] = 00000000 00000000 00000000 00000000
[000007f0] = 00000000 00000000 00000000 00000000
[00000800] = 00000000 00000000 00000000 00000000
[00000810] = 00000000 00000000 00000000 00000000
[00000820] = 00000000 00000000 00000000 00000000
[00000830] = 00000000 00000000 00000000 00000000
[00000840] = 00000000 00000000 00000000 00000000
[00000850] = 00000000 00000000 00000000 00000000
[00000860] = 00000000 00000000 00000000 00000000
[00000870] = 00000000 00000000 00000000 00000000
[00000880] = 00000000 00000000 00000000 00000000
[00000890] = 00000000 00000000 00000000 00000000
[000008a0] = 00000000 00000000 00000000 00000000
[000008b0] = 00000000 00000000 00000000 00000000
[000008c0] = 00000000 00000000 00000000 00000000
[000008d0] = 00000000 00000000 00000000 00000000
[000008e0] = 00000000 00000000 00000000 00000000
[000008f0] = 00000000 00000000 00000000 00000000
[00000900] = 00000000 00000000 00000000 00000000
[00000910] = 00000000 00000000 00000000 00000000
[00000920] = 00000000 00000000 00000000 00000000
[00000930] = 00000000 00000000 00000000 00000000
[00000940] = 00000000 00000000 00000000 00000000
[00000950] = 00000000 00000000 00000000 00000000
[00000960] = 00000000 00000000 00000000 00000000
[00000970] = 00000000 00000000 00000000 00000000
[00000980] = 00000000 00000000 00000000 00000000
[00000990] = 00000000 00000000 00000000 00000000
[000009a0] = 00000000 00000000 00000000 00000000
[000009b0] = 00000000 00000000 00000000 00000000
[000009c0] = 00000000 00000000 00000000 00000000
[000009d0] = 00000000 00000000 00000000 00000000
[000009e0] = 00000000 00000000 00000000 00000000
[000009f0] = 00000000 00000000 00000000 00000000
[00000a00] = 00000000 00000000 00000000 00000000
[00000a10] = 00000000 00000000 00000000 00000000
[00000a20] = 00000000 00000000 00000000 00000000
[00000a30] = 00000000 00000000 00000000 00000000
[00000a40] = 00000000 00000000 00000000 00000000
[00000a50] = 00000000 00000000 00000000 00000000
[00000a60] = 00000000 00000000 00000000 00000000
[00000a70] = 00000000 00000000 00000000 00000000
[00000a80] = 00000000 00000000 00000000 00000000
[00000a90] = 00000000 00000000 00000000 00000000
[00000aa0] = 00000000 00000000 00000000 00000000
[00000ab0] = 00000000 00000000 00000000 00000000
[00000ac0] = 00000000 00000000 00000000 00000000
[00000ad0] = 00000000 00000000 00000000 00000000
[00000ae0] = 00000000 00000000 00000000 00000000
[00000af0] = 00000000 00000000 00000000 00000000
[00000b00] = 00000000 00000000 00000000 00000000
[00000b10] = 00000000 00000000 00000000 00000000
[00000b20] = 00000000 00000000 00000000 00000000
[00000b30] = 00000000 00000000 00000000 00000000
[00000b40] = 00000000 00000000 00000000 00000000
[00000b50] = 00000000 00000000 00000000 00000000
[00000b60] = 00000000 00000000 00000000 00000000
[00000b70] = 00000000 00000000 00000000 00000000
[00000b80] = 00000000 00000000 00000000 00000000
[00000b90] = 00000000 00000000 00000000 00000000
[00000ba0] = 00000000 00000000 00000000 00000000
[00000bb0] = 00000000 00000000 00000000 00000000
[00000bc0] = 00000000 00000000 00000000 00000000
[00000bd0] = 00000000 00000000 00000000 00000000
[00000be0] = 00000000 00000000 00000000 00000000
[00000bf0] = 00000000 00000000 00000000 00000000
[00000c00] = 00000000 00000000 00000000 00000000
[00000c10] = 00000000 00000000 00000000 00000000
[00000c20] = 00000000 00000000 00000000 00000000
[00000c30] = 00000000 00000000 00000000 00000000
[00000c40] = 00000000 00000000 00000000 00000000
[00000c50] = 00000000 00000000 00000000 00000000
[00000c60] = 00000000 00000000 00000000 00000000
[00000c70] = 00000000 00000000 00000000 00000000
[00000c80] = 00000000 00000000 00000000 00000000
[00000c90] = 00000000 00000000 00000000 00000000
[00000ca0] = 00000000 00000000 00000000 00000000
[00000cb0] = 00000000 00000000 00000000 00000000
[00000cc0] = 00000000 00000000 00000000 00000000
[00000cd0] = 00000000 00000000 00000000 00000000
[00000ce0] = 00000000 00000000 00000000 00000000
[00000cf0] = 00000000 00000000 00000000 00000000
[00000d00] = 00000000 00000000 00000000 00000000
[00000d10] = 00000000 00000000 00000000 00000000
[00000d20] = 00000000 00000000 00000000 00000000
[00000d30] = 00000000 00000000 00000000 00000000
[00000d40] = 00000000 00000000 00000000 00000000
[00000d50] = 00000000 00000000 00000000 00000000
[00000d60] = 00000000 00000000 00000000 00000000
[00000d70] = 00000000 00000000 00000000 00000000
[00000d80] = 00000000 00000000 00000000 00000000
[00000d90] = 00000000 00000000 00000000 00000000
[00000da0] = 00000000 00000000 00000000 00000000
[00000db0] = 00000000 00000000 00000000 00000000
[00000dc0] = 00000000 00000000 00000000 00000000
[00000dd0] = 00000000 00000000 00000000 00000000
[00000de0] = 00000000 00000000 00000000 00000000
[00000df0] = 00000000 00000000 00000000 00000000
[00000e00] = 00000000 00000000 00000000 00000000
[00000e10] = 00000000 00000000 00000000 00000000
[00000e20] = 00000000 00000000 00000000 00000000
[00000e30] = 00000000 00000000 00000000 00000000
[00000e40] = 00000000 00000000 00000000 00000000
[00000e50] = 00000000 00000000 00000000 00000000
[00000e60] = 00000000 00000000 00000000 00000000
[00000e70] = 00000000 00000000 00000000 00000000
[00000e80] = 00000000 00000000 00000000 00000000
[00000e90] = 00000000 00000000 00000000 00000000
[00000ea0] = 00000000 00000000 00000000 00000000
[00000eb0] = 00000000 00000000 00000000 00000000
[00000ec0] = 00000000 00000000 00000000 00000000
[00000ed0] = 00000000 00000000 00000000 00000000
[00000ee0] = 00000000 00000000 00000000 00000000
[00000ef0] = 00000000 00000000 00000000 00000000
[00000f00] = 00000000 00000000 00000000 00000000
[00000f10] = 00000000 00000000 00000000 00000000
[00000f20] = 00000000 00000000 00000000 00000000
[00000f30] = 00000000 00000000 00000000 00000000
[00000f40] = 00000000 00000000 00000000 00000000
[00000f50] = 00000000 00000000 00000000 00000000
[00000f60] = 00000000 00000000 00000000 00000000
[00000f70] = 00000000 00000000 00000000 00000000
[00000f80] = 00000000 00000000 00000000 00000000
[00000f90] = 00000000 00000000 00000000 00000000
[00000fa0] = 00000000 00000000 00000000 00000000
[00000fb0] = 00000000 00000000 00000000 00000000
[00000fc0] = 00000000 00000000 00000000 00000000
[00000fd0] = 00000000 00000000 00000000 00000000
[00000fe0] = 00000000 00000000 00000000 00000000
[00000ff0] = 00000000 00000000 00000000 00000000
gem open got 0 5 4096
memmap returned 0 100008000
mmap returned 0x7f995e7260
Gem 5
[00000000] = 00000000 00000000 00000000 00000000
[00000010] = 00000000 00000000 00000000 00000000
[00000020] = 00000000 00000000 00000000 00000000
[00000030] = 00000000 00000000 00000000 00000000
[00000040] = 00000000 00000000 00000000 00000000
[00000050] = 00000000 00000000 00000000 00000000
[00000060] = 00000000 00000000 00000000 00000000
[00000070] = 00000000 00000000 00000000 00000000
[00000080] = 00000000 00000000 00000000 00000000
[00000090] = 00000000 00000000 00000000 00000000
[000000a0] = 00000000 00000000 00000000 00000000
[000000b0] = 00000000 00000000 00000000 00000000
[000000c0] = 00000000 00000000 00000000 00000000
[000000d0] = 00000000 00000000 00000000 00000000
[000000e0] = 00000000 00000000 00000000 00000000
[000000f0] = 00000000 00000000 00000000 00000000
[00000100] = 00000000 00000000 00000000 00000000
[00000110] = 00000000 00000000 00000000 00000000
[00000120] = 00000000 00000000 00000000 00000000
[00000130] = 00000000 00000000 00000000 00000000
[00000140] = 00000000 00000000 00000000 00000000
[00000150] = 00000000 00000000 00000000 00000000
[00000160] = 00000000 00000000 00000000 00000000
[00000170] = 00000000 00000000 00000000 00000000
[00000180] = 00000000 00000000 00000000 00000000
[00000190] = 00000000 00000000 00000000 00000000
[000001a0] = 00000000 00000000 00000000 00000000
[000001b0] = 00000000 00000000 00000000 00000000
[000001c0] = 00000000 00000000 00000000 00000000
[000001d0] = 00000000 00000000 00000000 00000000
[000001e0] = 00000000 00000000 00000000 00000000
[000001f0] = 00000000 00000000 00000000 00000000
[00000200] = 00000000 00000000 00000000 00000000
[00000210] = 00000000 00000000 00000000 00000000
[00000220] = 00000000 00000000 00000000 00000000
[00000230] = 00000000 00000000 00000000 00000000
[00000240] = 00000000 00000000 00000000 00000000
[00000250] = 00000000 00000000 00000000 00000000
[00000260] = 00000000 00000000 00000000 00000000
[00000270] = 00000000 00000000 00000000 00000000
[00000280] = 00000000 00000000 00000000 00000000
[00000290] = 00000000 00000000 00000000 00000000
[000002a0] = 00000000 00000000 00000000 00000000
[000002b0] = 00000000 00000000 00000000 00000000
[000002c0] = 00000000 00000000 00000000 00000000
[000002d0] = 00000000 00000000 00000000 00000000
[000002e0] = 00000000 00000000 00000000 00000000
[000002f0] = 00000000 00000000 00000000 00000000
[00000300] = 00000000 00000000 00000000 00000000
[00000310] = 00000000 00000000 00000000 00000000
[00000320] = 00000000 00000000 00000000 00000000
[00000330] = 00000000 00000000 00000000 00000000
[00000340] = 00000000 00000000 00000000 00000000
[00000350] = 00000000 00000000 00000000 00000000
[00000360] = 00000000 00000000 00000000 00000000
[00000370] = 00000000 00000000 00000000 00000000
[00000380] = 00000000 00000000 00000000 00000000
[00000390] = 00000000 00000000 00000000 00000000
[000003a0] = 00000000 00000000 00000000 00000000
[000003b0] = 00000000 00000000 00000000 00000000
[000003c0] = 00000000 00000000 00000000 00000000
[000003d0] = 00000000 00000000 00000000 00000000
[000003e0] = 00000000 00000000 00000000 00000000
[000003f0] = 00000000 00000000 00000000 00000000
[00000400] = 00000000 00000000 00000000 00000000
[00000410] = 00000000 00000000 00000000 00000000
[00000420] = 00000000 00000000 00000000 00000000
[00000430] = 00000000 00000000 00000000 00000000
[00000440] = 00000000 00000000 00000000 00000000
[00000450] = 00000000 00000000 00000000 00000000
[00000460] = 00000000 00000000 00000000 00000000
[00000470] = 00000000 00000000 00000000 00000000
[00000480] = 00000000 00000000 00000000 00000000
[00000490] = 00000000 00000000 00000000 00000000
[000004a0] = 00000000 00000000 00000000 00000000
[000004b0] = 00000000 00000000 00000000 00000000
[000004c0] = 00000000 00000000 00000000 00000000
[000004d0] = 00000000 00000000 00000000 00000000
[000004e0] = 00000000 00000000 00000000 00000000
[000004f0] = 00000000 00000000 00000000 00000000
[00000500] = 00000000 00000000 00000000 00000000
[00000510] = 00000000 00000000 00000000 00000000
[00000520] = 00000000 00000000 00000000 00000000
[00000530] = 00000000 00000000 00000000 00000000
[00000540] = 00000000 00000000 00000000 00000000
[00000550] = 00000000 00000000 00000000 00000000
[00000560] = 00000000 00000000 00000000 00000000
[00000570] = 00000000 00000000 00000000 00000000
[00000580] = 00000000 00000000 00000000 00000000
[00000590] = 00000000 00000000 00000000 00000000
[000005a0] = 00000000 00000000 00000000 00000000
[000005b0] = 00000000 00000000 00000000 00000000
[000005c0] = 00000000 00000000 00000000 00000000
[000005d0] = 00000000 00000000 00000000 00000000
[000005e0] = 00000000 00000000 00000000 00000000
[000005f0] = 00000000 00000000 00000000 00000000
[00000600] = 00000000 00000000 00000000 00000000
[00000610] = 00000000 00000000 00000000 00000000
[00000620] = 00000000 00000000 00000000 00000000
[00000630] = 00000000 00000000 00000000 00000000
[00000640] = 00000000 00000000 00000000 00000000
[00000650] = 00000000 00000000 00000000 00000000
[00000660] = 00000000 00000000 00000000 00000000
[00000670] = 00000000 00000000 00000000 00000000
[00000680] = 00000000 00000000 00000000 00000000
[00000690] = 00000000 00000000 00000000 00000000
[000006a0] = 00000000 00000000 00000000 00000000
[000006b0] = 00000000 00000000 00000000 00000000
[000006c0] = 00000000 00000000 00000000 00000000
[000006d0] = 00000000 00000000 00000000 00000000
[000006e0] = 00000000 00000000 00000000 00000000
[000006f0] = 00000000 00000000 00000000 00000000
[00000700] = 00000000 00000000 00000000 00000000
[00000710] = 00000000 00000000 00000000 00000000
[00000720] = 00000000 00000000 00000000 00000000
[00000730] = 00000000 00000000 00000000 00000000
[00000740] = 00000000 00000000 00000000 00000000
[00000750] = 00000000 00000000 00000000 00000000
[00000760] = 00000000 00000000 00000000 00000000
[00000770] = 00000000 00000000 00000000 00000000
[00000780] = 00000000 00000000 00000000 00000000
[00000790] = 00000000 00000000 00000000 00000000
[000007a0] = 00000000 00000000 00000000 00000000
[000007b0] = 00000000 00000000 00000000 00000000
[000007c0] = 00000000 00000000 00000000 00000000
[000007d0] = 00000000 00000000 00000000 00000000
[000007e0] = 00000000 00000000 00000000 00000000
[000007f0] = 00000000 00000000 00000000 00000000
[00000800] = 00000000 00000000 00000000 00000000
[00000810] = 00000000 00000000 00000000 00000000
[00000820] = 00000000 00000000 00000000 00000000
[00000830] = 00000000 00000000 00000000 00000000
[00000840] = 00000000 00000000 00000000 00000000
[00000850] = 00000000 00000000 00000000 00000000
[00000860] = 00000000 00000000 00000000 00000000
[00000870] = 00000000 00000000 00000000 00000000
[00000880] = 00000000 00000000 00000000 00000000
[00000890] = 00000000 00000000 00000000 00000000
[000008a0] = 00000000 00000000 00000000 00000000
[000008b0] = 00000000 00000000 00000000 00000000
[000008c0] = 00000000 00000000 00000000 00000000
[000008d0] = 00000000 00000000 00000000 00000000
[000008e0] = 00000000 00000000 00000000 00000000
[000008f0] = 00000000 00000000 00000000 00000000
[00000900] = 00000000 00000000 00000000 00000000
[00000910] = 00000000 00000000 00000000 00000000
[00000920] = 00000000 00000000 00000000 00000000
[00000930] = 00000000 00000000 00000000 00000000
[00000940] = 00000000 00000000 00000000 00000000
[00000950] = 00000000 00000000 00000000 00000000
[00000960] = 00000000 00000000 00000000 00000000
[00000970] = 00000000 00000000 00000000 00000000
[00000980] = 00000000 00000000 00000000 00000000
[00000990] = 00000000 00000000 00000000 00000000
[000009a0] = 00000000 00000000 00000000 00000000
[000009b0] = 00000000 00000000 00000000 00000000
[000009c0] = 00000000 00000000 00000000 00000000
[000009d0] = 00000000 00000000 00000000 00000000
[000009e0] = 00000000 00000000 00000000 00000000
[000009f0] = 00000000 00000000 00000000 00000000
[00000a00] = 00000000 00000000 00000000 00000000
[00000a10] = 00000000 00000000 00000000 00000000
[00000a20] = 00000000 00000000 00000000 00000000
[00000a30] = 00000000 00000000 00000000 00000000
[00000a40] = 00000000 00000000 00000000 00000000
[00000a50] = 00000000 00000000 00000000 00000000
[00000a60] = 00000000 00000000 00000000 00000000
[00000a70] = 00000000 00000000 00000000 00000000
[00000a80] = 00000000 00000000 00000000 00000000
[00000a90] = 00000000 00000000 00000000 00000000
[00000aa0] = 00000000 00000000 00000000 00000000
[00000ab0] = 00000000 00000000 00000000 00000000
[00000ac0] = 00000000 00000000 00000000 00000000
[00000ad0] = 00000000 00000000 00000000 00000000
[00000ae0] = 00000000 00000000 00000000 00000000
[00000af0] = 00000000 00000000 00000000 00000000
[00000b00] = 00000000 00000000 00000000 00000000
[00000b10] = 00000000 00000000 00000000 00000000
[00000b20] = 00000000 00000000 00000000 00000000
[00000b30] = 00000000 00000000 00000000 00000000
[00000b40] = 00000000 00000000 00000000 00000000
[00000b50] = 00000000 00000000 00000000 00000000
[00000b60] = 00000000 00000000 00000000 00000000
[00000b70] = 00000000 00000000 00000000 00000000
[00000b80] = 00000000 00000000 00000000 00000000
[00000b90] = 00000000 00000000 00000000 00000000
[00000ba0] = 00000000 00000000 00000000 00000000
[00000bb0] = 00000000 00000000 00000000 00000000
[00000bc0] = 00000000 00000000 00000000 00000000
[00000bd0] = 00000000 00000000 00000000 00000000
[00000be0] = 00000000 00000000 00000000 00000000
[00000bf0] = 00000000 00000000 00000000 00000000
[00000c00] = 00000000 00000000 00000000 00000000
[00000c10] = 00000000 00000000 00000000 00000000
[00000c20] = 00000000 00000000 00000000 00000000
[00000c30] = 00000000 00000000 00000000 00000000
[00000c40] = 00000000 00000000 00000000 00000000
[00000c50] = 00000000 00000000 00000000 00000000
[00000c60] = 00000000 00000000 00000000 00000000
[00000c70] = 00000000 00000000 00000000 00000000
[00000c80] = 00000000 00000000 00000000 00000000
[00000c90] = 00000000 00000000 00000000 00000000
[00000ca0] = 00000000 00000000 00000000 00000000
[00000cb0] = 00000000 00000000 00000000 00000000
[00000cc0] = 00000000 00000000 00000000 00000000
[00000cd0] = 00000000 00000000 00000000 00000000
[00000ce0] = 00000000 00000000 00000000 00000000
[00000cf0] = 00000000 00000000 00000000 00000000
[00000d00] = 00000000 00000000 00000000 00000000
[00000d10] = 00000000 00000000 00000000 00000000
[00000d20] = 00000000 00000000 00000000 00000000
[00000d30] = 00000000 00000000 00000000 00000000
[00000d40] = 00000000 00000000 00000000 00000000
[00000d50] = 00000000 00000000 00000000 00000000
[00000d60] = 00000000 00000000 00000000 00000000
[00000d70] = 00000000 00000000 00000000 00000000
[00000d80] = 00000000 00000000 00000000 00000000
[00000d90] = 00000000 00000000 00000000 00000000
[00000da0] = 00000000 00000000 00000000 00000000
[00000db0] = 00000000 00000000 00000000 00000000
[00000dc0] = 00000000 00000000 00000000 00000000
[00000dd0] = 00000000 00000000 00000000 00000000
[00000de0] = 00000000 00000000 00000000 00000000
[00000df0] = 00000000 00000000 00000000 00000000
[00000e00] = 00000000 00000000 00000000 00000000
[00000e10] = 00000000 00000000 00000000 00000000
[00000e20] = 00000000 00000000 00000000 00000000
[00000e30] = 00000000 00000000 00000000 00000000
[00000e40] = 00000000 00000000 00000000 00000000
[00000e50] = 00000000 00000000 00000000 00000000
[00000e60] = 00000000 00000000 00000000 00000000
[00000e70] = 00000000 00000000 00000000 00000000
[00000e80] = 00000000 00000000 00000000 00000000
[00000e90] = 00000000 00000000 00000000 00000000
[00000ea0] = 00000000 00000000 00000000 00000000
[00000eb0] = 00000000 00000000 00000000 00000000
[00000ec0] = 00000000 00000000 00000000 00000000
[00000ed0] = 00000000 00000000 00000000 00000000
[00000ee0] = 00000000 00000000 00000000 00000000
[00000ef0] = 00000000 00000000 00000000 00000000
[00000f00] = 00000000 00000000 00000000 00000000
[00000f10] = 00000000 00000000 00000000 00000000
[00000f20] = 00000000 00000000 00000000 00000000
[00000f30] = 00000000 00000000 00000000 00000000
[00000f40] = 00000000 00000000 00000000 00000000
[00000f50] = 00000000 00000000 00000000 00000000
[00000f60] = 00000000 00000000 00000000 00000000
[00000f70] = 00000000 00000000 00000000 00000000
[00000f80] = 00000000 00000000 00000000 00000000
[00000f90] = 00000000 00000000 00000000 00000000
[00000fa0] = 00000000 00000000 00000000 00000000
[00000fb0] = 00000000 00000000 00000000 00000000
[00000fc0] = 00000000 00000000 00000000 00000000
[00000fd0] = 00000000 00000000 00000000 00000000
[00000fe0] = 00000000 00000000 00000000 00000000
[00000ff0] = 00000000 00000000 00000000 00000000
gem open got -1 0 0
